0.00297818407836172
0.00410314075542171
0.0052951868121504
0.00665108711334054
0.00827761565862365
0.0102569057159866
0.0126359932818258
0.0154305913553168
0.0186337179949124
0.0222233579982309
0.0261675802445427
0.0304275604269872
0.0349593191279874
0.0397147803554423
0.0446425080006095
0.0496883109592562
0.0547958140489108
0.0599070435513977
0.0649630526817436
0.0699046017598477
0.0746729042494943
0.0792104501938206
0.0834619216271619
0.0873752198685329
0.0909026322734395
0.0940021763758258
0.0966391728353051
0.0987881155258508
0.100434927138342
0.10157970987916
0.10224011762626
0.102455475241254
0.102291725806333
0.101847147701096
0.101258470497233
0.100706430065338
0.100418880099309
0.100668478991274
0.101761360661529
0.104014353266694
0.107722361934059
0.113123530956898
0.120373582881931
0.129537960370179
0.140602064349968
0.153492349493044
0.16809921508796
0.18429565936107
0.201949756354394
0.220931667052632
0.2411168209293
0.262386811373399
0.284629114292172
0.307736313740394
0.331605210207039
0.356135994771345
0.381231563427909
0.406796989170276
0.432739142637782
0.458966441408389
0.485388705384685
0.511917096821001
0.538464126120222
0.564943707475274
0.591271251242326
0.617363782410998
0.643140076636957
0.668520807044535
0.693428696435097
0.717788670702813
0.741528010209571
0.764576496644893
0.786866553529473
0.808333379037798
0.828915070237908
0.848552738192193
0.86719061364356
0.884776143237817
0.901260076415216
0.916596543243467
0.9307431235738
0.943660907977087
0.955314550969235
0.965672317062171
0.974706120184564
0.982391557005078
0.988707934665063
0.993638293386848
0.997169424371935
0.999291883341277
1
0.999291883632505
0.997169424953612
0.993638294257412
0.988707935822195
0.982391558445676
0.974706121904743
0.965672319057307
0.955314553233904
0.943660910505172
0.930743126358366
0.916596546276902
0.901260079689125
0.884776146743172
0.867190617370512
0.848552742130314
0.828915074376016
0.808333383364133
0.786866558031619
0.764576501309775
0.741528015023584
0.717788675651803
0.693428701504332
0.668520812218842
0.643140081900632
0.617363787747956
0.591271256636033
0.56494371290884
0.538464131576393
0.511917102282247
0.485388710833143
0.45896644682596
0.432739148006005
0.406796994470489
0.381231568641106
0.35613599987821
0.331605215187821
0.307736318574896
0.284629118959506
0.262386815851962
0.241116825196499
0.22093167108474
0.201949760126407
0.18429566284678
0.168099218260264
0.153492352325018
0.140602066816726
0.129537962452134
0.120373584569231
0.113123532254159
0.107722362863985
0.104014353870364
0.101761360994887
0.100668479118456
0.100418880085359
0.100706429970395
0.101258470372924
0.101847147589433
0.102291725739776
0.102455475243801
0.102240117714564
0.101579710063864
0.100434927425136
0.0987881159164713
0.0966391733282284
0.0940021769668175
0.0909026329563105
0.0873752206352764
0.0834619224685519
0.0792104510995141
0.0746729052084435
0.0699046027604178
0.0649630537119229
0.0599070445990294
0.0547958151018139
0.049688312005366
0.0446425090281939
0.0397147813530744
0.0349593200848043
0.0304275613327284
0.0261675810896875
0.0222233587742177
0.0186337186944076
0.0154305919726666
0.0126359938137973
0.0102569061631688
0.00827761602722125
0.00665108741666101
0.00529518707035845
0.00410314099115775
0.00297818430600687
0.00193477205766002
0.00154232365837858
0.00262850807823705
0.00452920547456659
0.00687060255697424
0.00956970280771286
0.0125913178794035
0.0159066875682222
0.0194858798747289
0.0232965008000522
0.027303868564511
0.0314715551637073
0.0357620065962591
0.0401371614950887
0.0445590471145917
0.0489903487783706
0.0533949533658907
0.0577384680602217
0.0619887151782286
0.0661162033139799
0.070094574463382
0.0739010262600009
0.0775167078626671
0.0809270872887457
0.0841222869647409
0.0870973828463752
0.0898526605263921
0.0923938192044012
0.0947321112020781
0.0968844009317501
0.0988731231073131
0.100726116021171
0.102476302737252
0.104161192291051
0.105822175994545
0.107503602368905
0.109251629366721
0.111112874655672
0.113132912289913
0.115354693293807
0.117816992640965
0.120552999055954
0.123589161414492
0.1269443841548
0.130629626802874
0.134647916731327
0.138994739204047
0.143658733420007
0.148622603067819
0.153864145807072
0.159357315265721
0.165073246666288
0.170981197916071
0.177049377832887
0.18324564964337
0.189538110004966
0.19589555167023
0.202287822240838
0.208686093169829
0.215063053139367
0.221393038892444
0.227652115051404
0.233818112766198
0.239870635406561
0.245791038055269
0.251562386314844
0.257169398911439
0.262598377749808
0.267837128410874
0.272874873564665
0.277702161360837
0.282310770539479
0.286693613748538
0.290844640352055
0.294758739844392
0.298431646848983
0.301859848560147
0.305040495384286
0.30797131544538
0.310650533537322
0.313076795031871
0.315249095182217
0.317166714200733
0.31882915843328
0.320236107900583
0.321387370432009
0.322282842575236
0.322922477428681
0.323306259511033
0.323434186752935
0.323306259668937
0.322922477744426
0.322282843048859
0.321387371063483
0.320236108689858
0.318829159380261
0.317166715305308
0.315249096444099
0.313076796450703
0.310650535112578
0.307971317176326
0.305040497270008
0.301859850599375
0.298431649040146
0.294758742185549
0.290844642840804
0.286693616381983
0.282310773314187
0.277702164272788
0.272874876609118
0.26783713158242
0.262598381042203
0.257169402317607
0.251562389826794
0.24579104166408
0.23987063910226
0.233818116537854
0.22765211888697
0.22139304277879
0.215063057062269
0.208686097113956
0.202287826189851
0.195895555606803
0.189538113910876
0.18324565349964
0.177049381620026
0.170981201614253
0.165073250255717
0.159357318727032
0.153864149121788
0.148622606218901
0.143658736392436
0.138994741985532
0.134647919312955
0.130629629179652
0.1269443863262
0.123589163384813
0.120553000834442
0.117816994241665
0.115354694735231
0.113132913594343
0.111112875848531
0.109251630475489
0.107503603422151
0.105822177021046
0.104161193318888
0.102476303792965
0.100726117129188
0.0988731242894303
0.0968844022067417
0.0947321125854987
0.0923938207083934
0.0898526621595948
0.0870973846140282
0.0841222888686182
0.0809270893274621
0.07751671003159
0.0739010285516196
0.0700945768673173
0.066116205817335
0.0619887177658204
0.057738470714776
0.0533949560682821
0.0489903515080429
0.0445590498497426
0.0401371642130466
0.0357620092736921
0.0314715577770964
0.0273038710905094
0.0232965032157373
0.0194858821580758
0.0159066896985185
0.0125913198374698
0.00956970457565997
0.00687060411658594
0.00452920679754307
0.00262850907125382
0.0015423238851645
0.00193477149881077