0.0352758909962076
0.037805776977574
0.0445424337848957
0.0539342464245719
0.0648408079443571
0.0766218463634224
0.0889347606567043
0.10159082322756
0.114480898897673
0.127538729405033
0.140722302257712
0.154003962248177
0.16736490883875
0.180791994495685
0.1942757847824
0.207809339352123
0.221387420395007
0.235005963147919
0.248661711921779
0.262351963510003
0.276074381952378
0.28982686176335
0.303607424729405
0.317414140389326
0.331245063508556
0.345098183936746
0.358971385641077
0.372862412634073
0.386768840167216
0.400688050013661
0.414617208986253
0.428553250063005
0.442492855663494
0.456432442747209
0.470368149487161
0.48429582335885
0.498211010521839
0.512108946422924
0.525984547580711
0.53983240453164
0.553646775945685
0.567421583924409
0.58115041052086
0.594826495509753
0.608442735467169
0.621991684198901
0.635465554578377
0.648856221845027
0.662155228416851
0.675353790269414
0.688442804924652
0.701412861099018
0.714254250039875
0.726956978583021
0.739510783953
0.751905150312214
0.764129327066716
0.776172348914128
0.788023057613374
0.799670125441327
0.811102080291593
0.822307332353845
0.833274202300937
0.843990950897444
0.854445809930886
0.864627014350995
0.874522835492888
0.884121615247333
0.893411801027088
0.902381981372308
0.911020922023989
0.919317602289111
0.927261251510116
0.934841385450612
0.942047842399647
0.948870818793339
0.955300904157713
0.961329115166746
0.96694692862049
0.972146313141803
0.976919759407907
0.981260308722919
0.985161579759178
0.988617793302534
0.991623794836673
0.994175074832692
0.996267786603992
0.997898761620301
0.999065522172363
0.999766291312479
1
0.999766291408636
0.99906552236451
0.997898761908039
0.996267786986993
0.994175075310506
0.991623795408479
0.988617793967197
0.985161580516125
0.981260309570735
0.976919760345581
0.972146314167639
0.966946929732987
0.961329116364834
0.955300905439112
0.948870820156595
0.942047843842629
0.934841386971462
0.927261253106838
0.91931760395972
0.911020923766194
0.902381983183698
0.893411802905448
0.884121617190333
0.874522837498165
0.864627016416115
0.854445812053497
0.843990953075183
0.833274204531258
0.822307334634517
0.81110208262018
0.799670127815277
0.788023060030425
0.776172351371739
0.764129329562667
0.751905152844515
0.739510786519194
0.72695698118106
0.71425425266712
0.701412863753935
0.688442807605087
0.67535379297313
0.662155231142533
0.64885622459019
0.63546555734138
0.621991686978173
0.608442738261125
0.594826498316676
0.581150413339421
0.567421586753249
0.553646778783015
0.539832407376644
0.525984550431913
0.512108949279301
0.498211013382073
0.484295826222311
0.470368152352868
0.456432445613915
0.442492858531047
0.428553252929735
0.414617211852106
0.400688052877552
0.386768843028885
0.372862415492929
0.35897138849628
0.345098186787879
0.331245066355678
0.317414143231838
0.303607427566521
0.289826864595031
0.276074384778028
0.262351966329167
0.248661714734168
0.235005965952935
0.221387423192072
0.207809342140454
0.194275787561009
0.180791997263327
0.167364911594173
0.154003964988481
0.140722304979899
0.127538732104789
0.114480901567925
0.101590825857455
0.0889347632290039
0.0766218488495207
0.0648408102929842
0.0539342485410452
0.0445424354928293
0.0378057779834779
0.0352758909962556
0.0378057759716478
0.0445424320768905
0.0539342443077181
0.0648408055957096
0.0766218438772116
0.0889347580841922
0.101590820597677
0.114480896227352
0.127538726705147
0.140722299535009
0.154003959507587
0.167364906083761
0.180791991727533
0.194275782003737
0.20780933656365
0.221387417597938
0.235005960343155
0.248661709109521
0.262351960690688
0.276074379126805
0.289826858931693
0.303607421892183
0.317414137547369
0.331245060661635
0.345098181084921
0.358971382785495
0.372862409775263
0.386768837305486
0.400688047149541
0.41461720612026
0.428553247196184
0.442492852796373
0.456432439880298
0.470368146621532
0.484295820495217
0.498211007661195
0.512108943566441
0.525984544729543
0.53983240168679
0.55364677310815
0.567421581095831
0.581150407702226
0.594826492702645
0.608442732673224
0.62199168141956
0.635465551815346
0.648856219100082
0.662155225691778
0.675353787565549
0.688442802244412
0.701412858444179
0.714254247412551
0.72695697598545
0.739510781387089
0.751905147780134
0.764129324570433
0.776172346456374
0.788023055196525
0.799670123067589
0.811102077963357
0.822307330073252
0.83327420007051
0.843990948719603
0.854445807808259
0.864627012285858
0.874522833487678
0.884121613304266
0.893411799148911
0.902381979561021
0.911020920282166
0.919317600618603
0.927261249913106
0.934841383929503
0.942047840956461
0.948870817430014
0.955300902876228
0.961329113969009
0.966946927507568
0.972146312115887
0.976919758470493
0.981260307874971
0.985161579002435
0.988617792637919
0.991623794265134
0.994175074354887
0.996267786221052
0.997898761332427
0.999065521980235
0.999766291216252
0.999999999999994
0.999766291504666
0.999065522556555
0.997898762195929
0.996267787370085
0.994175075788122
0.99162379598
0.988617794632074
0.9851615812729
0.981260310418429
0.976919761283046
0.972146315193557
0.966946930845748
0.961329117562765
0.95530090672064
0.948870821519763
0.942047845285822
0.93484138849261
0.927261254703609
0.919317605630065
0.91102092550824
0.902381984995038
0.893411804783705
0.884121619133095
0.874522839503274
0.864627018481071
0.854445814176189
0.843990955252787
0.833274206761482
0.822307336915107
0.811102084948562
0.79967013018914
0.788023062447264
0.776172353829441
0.764129332058639
0.751905155376636
0.739510789085362
0.726956983778665
0.714254255294549
0.701412866408411
0.688442810284981
0.675353795676885
0.662155233867794
0.648856227335133
0.635465560104416
0.621991689757563
0.608442741055089
0.594826501123712
0.58115041615784
0.567421589582039
0.553646781620395
0.539832410221617
0.525984553283283
0.512108952135706
0.498211016242729
0.484295829085706
0.470368155218281
0.456432448480819
0.442492861398171
0.428553255796698
0.414617214717837
0.400688055741574
0.38676884589042
0.372862418351608
0.358971391351579
0.345098189639436
0.331245069202959
0.317414146074143
0.30360743040377
0.289826867426622
0.276074387603658
0.262351969148262
0.248661717546406
0.23500596875784
0.221387425989225
0.207809344928622
0.194275790339604
0.180792000031103
0.167364914349563
0.15400396772927
0.140722307702407
0.127538734804594
0.114480904238137
0.101590828487801
0.0889347658017498
0.0766218513358628
0.0648408126420198
0.0539342506578232
0.0445424372006958
0.0378057789894528