1
0.999506829558765
0.998027660327837
0.995563524053854
0.992116158518864
0.987688034762819
0.982282395028498
0.975903301264481
0.968555693978615
0.960245461194022
0.950979517223834
0.940765890950011
0.929613823268348
0.917533873347982
0.90453803335179
0.890639851278098
0.875854561617162
0.860199223576563
0.843692866719559
0.826356643994747
0.808213992320381
0.789290801139744
0.769615589702158
0.749219694273023
0.728137467065416
0.706406489455178
0.68406780304549
0.661166163449271
0.63775032334789
0.613873353570089
0.589593013755469
0.564972187787491
0.540079403795596
0.514989464330887
0.489784219471479
0.464553524105665
0.439396430070624
0.414422672909302
0.389754518656879
0.365529031683237
0.341900797100859
0.319045056236478
0.297161049046219
0.276475037865826
0.257241930219094
0.239743569930682
0.224280730969205
0.211155150639803
0.200638777468846
0.192931364987884
0.188114887597697
0.186120387130229
0.186722765201925
0.189568164222278
0.19422347957335
0.200229700115522
0.20714431407239
0.214567165163668
0.222151556941738
0.229605416510322
0.236687143977023
0.243199378506255
0.248982523317789
0.253908896887527
0.257877809573437
0.260811579153287
0.262652378092549
0.263359770422541
0.262908800887099
0.261288519458574
0.258500849015411
0.25455972823641
0.249490484320969
0.243329411418557
0.23612355201701
0.227930702097327
0.218819689571276
0.208871013580809
0.198177985726193
0.186848591881345
0.175008406527764
0.162805052987893
0.150414915649435
0.138053032275941
0.125987133660327
0.114556044271087
0.104189554600675
0.0954185163325828
0.0888485095161355
0.0850593557902967
0.0844254812763641
0.0869498650792254
0.0922535252663416
0.0997336716739128
0.108754319273063
0.118760500070917
0.12931113827817
0.140069396908584
0.150780755178226
0.161252192798496
0.171336095372075
0.180918758778862
0.189912429007772
0.198249833043303
0.205880402667798
0.212767632954193
0.218887198785653
0.224225578546388
0.228779018242131
0.232552724792561
0.235560213703219
0.23782276027384
0.239368919166539
0.240234087257975
0.240460090956964
0.240094782675794
0.239191632602291
0.237809301798479
0.236011181312543
0.233864879782814
0.231441639369618
0.228815657375554
0.226063289457944
0.223262111031578
0.220489817686889
0.217822954656663
0.215335480716979
0.213097193725731
0.211172072097901
0.209616615656495
0.208478295100713
0.207794235036722
0.207590254655278
0.207880368870218
0.208666811873775
0.209940590831086
0.211682520151915
0.21386463787776
0.216451874236214
0.219403832440231
0.222676551964937
0.226224149298998
0.230000263236926
0.2339592643471
0.238057216434826
0.242252599100444
0.246506814377256
0.250784507784068
0.255053736436466
0.259286015750818
0.263456273150064
0.267542733121869
0.271526753720849
0.275392630594514
0.27912738107391
0.282720517891517
0.286163819663478
0.289451103350117
0.292578002413176
0.295541753247866
0.298340991605943
0.300975560087677
0.303446327309195
0.305755019008694
0.307904061109182
0.309896434579518
0.311735541814779
0.313425084172925
0.314968950252836
0.316371114465375
0.317635545436
0.318766123773712
0.319766568750232
0.320640373448413
0.321390747963078
0.322020570265358
0.322532344376422
0.322928165533887
0.323209692077316
0.323378123823867
0.323434186752945
0.323378123870001
0.323209692169832
0.322928165673087
0.322532344562954
0.322020570500025
0.321390748246769
0.320640373782257
0.31976656913546
0.318766124211767
0.317635545928325
0.316371115013575
0.314968950858498
0.313425084837698
0.311735542540263
0.309896435367337
0.307904061960764
0.305755019925364
0.303446328292063
0.300975561137646
0.298340992723517
0.295541754433258
0.292578003666013
0.289451104669568
0.286163821048168
0.282720519339276
0.279127382581763
0.275392632158599
0.271526755336394
0.267542734782988
0.263456274849708
0.259286017480649
0.255053738186905
0.250784509544088
0.246506816134436
0.242252600840876
0.238057218143335
0.233959266007175
0.230000264830968
0.226224150808509
0.222676553370919
0.21940383372365
0.21645187537847
0.213864638861327
0.211682520961194
0.209940591453007
0.2086668122985
0.207880369091879
0.207590254672449
0.207794234852697
0.208478294723707
0.20961661509952
0.211172071378423
0.213097192865245
0.215335479740388
0.217822953591563
0.220489816562987
0.223262109879914
0.226063288310346
0.228815656264041
0.231441638325927
0.233864878837954
0.236011180496485
0.237809301139835
0.239191632128023
0.240094782411052
0.240460090924827
0.240234087479325
0.239368919659843
0.237822761055028
0.23556021478544
0.232552726186109
0.228779019954216
0.224225580580885
0.218887201142899
0.212767635630718
0.205880405655895
0.19824983633055
0.189912432576428
0.180918762604897
0.171336099423916
0.161252197035147
0.150780759546587
0.140069401339538
0.129311142680954
0.118760504325443
0.108754323220685
0.0997336751095367
0.0922535279404168
0.0869498667258243
0.0844254816793792
0.0850593548660702
0.0888485073499071
0.095418513134599
0.104189550624753
0.114556039754826
0.125987128801379
0.138053027231136
0.15041491054213
0.162805047916265
0.1750084015715
0.186848587106525
0.19817798118867
0.208871009328345
0.218819685645159
0.227930698533142
0.23612354884545
0.243329408665657
0.249490482008248
0.254559726381034
0.25850084763008
0.261288518551392
0.262908800461379
0.263359770476501
0.262652378618861
0.260811580138661
0.257877810997784
0.253908898723155
0.248982525528277
0.243199381044946
0.236687146785187
0.229605419514958
0.222151560053015
0.21456716827223
0.207144317046967
0.200229702802206
0.194223481797579
0.189568165796303
0.18672276593882
0.18612038686432
0.188114886207052
0.192931362411217
0.20063877371032
0.211155145760308
0.224280725068955
0.239743563130224
0.257241922644037
0.276475029636802
0.297161040273945
0.319045047019837
0.341900787527264
0.3655290218294
0.389754508590478
0.414422662690104
0.439396419751775
0.464553513734762
0.489784209091359
0.514989453980294
0.540079393509784
0.564972177598609
0.589593003692985
0.613873343660972
0.637750313616922
0.661166153919203
0.684067793737241
0.706406480388007
0.728137458256916
0.749219685739329
0.769615581458082
0.789290793198793
0.808213984694826
0.82635663669576
0.843692859757291
0.86019921696019
0.875854555354906
0.89063984537737
0.904538027819244
0.917533868189501
0.929613818489218
0.940765886554845
0.950979513216698
0.960245457578453
0.968555690757667
0.97590329844081
0.982282392604312
0.987688032739971
0.992116156898852
0.995563522837834
0.998027659516686
0.999506829153058